input1,input2,input3,input4,input5,input6,output1,output2,output3,output4,output5,output6,output7,output8,output9
-2.094395102,-2.094395102,-2.094395102,-2.094395102,-2.094395102,-2.094395102,-0.96875,0.1875,-0.162379763,-0.1875,-0.125,0.974278579,0.162379763,0.974278579,0.15625
-2.094395102,-2.094395102,-2.094395102,-2.094395102,-2.094395102,-1.256637061,-0.527548594,0.1875,-0.828574819,-0.849492073,-0.125,0.512579962,-0.00746311,0.974278579,0.225223338
-2.094395102,-2.094395102,-2.094395102,-2.094395102,-2.094395102,-0.41887902,0.262752179,0.1875,-0.946469779,-0.949342292,-0.125,-0.288312698,-0.172367353,0.974278579,0.145157657
-2.094395102,-2.094395102,-2.094395102,-2.094395102,-2.094395102,0.41887902,0.879179643,0.1875,-0.438048975,-0.420975894,-0.125,-0.898417663,-0.223209434,0.974278579,-0.030964475
-2.094395102,-2.094395102,-2.094395102,-2.094395102,-2.094395102,1.256637061,0.913819837,0.1875,0.360245826,0.385966582,-0.125,-0.914004813,-0.126345174,0.974278579,-0.186596214
-2.094395102,-2.094395102,-2.094395102,-2.094395102,-1.256637061,-2.094395102,-0.872288641,-0.437672522,-0.218071755,0.079061821,-0.566328049,0.82037904,-0.482557515,0.698366168,0.528604711
-2.094395102,-2.094395102,-2.094395102,-2.094395102,-1.256637061,-1.256637061,-0.421616131,-0.437672522,-0.794155275,-0.556757754,-0.566328049,0.607695108,-0.715723858,0.698366168,-0.004904529
-2.094395102,-2.094395102,-2.094395102,-2.094395102,-1.256637061,-0.41887902,0.308056126,-0.437672522,-0.844715447,-0.824149129,-0.566328049,-0.007124248,-0.475267964,0.698366168,-0.535168252
-2.094395102,-2.094395102,-2.094395102,-2.094395102,-1.256637061,0.41887902,0.833875696,-0.437672522,-0.336294644,-0.546169058,-0.566328049,-0.617229213,0.079691177,0.698366168,-0.711290385
-2.094395102,-2.094395102,-2.094395102,-2.094395102,-1.256637061,1.256637061,0.807887374,-0.437672522,0.39466537,0.093232263,-0.566328049,-0.818889667,0.581915574,0.698366168,-0.416724081
-2.094395102,-2.094395102,-2.094395102,-2.094395102,-0.41887902,-2.094395102,-0.405393426,-0.77322016,-0.487633833,0.541457414,-0.632894862,0.55341482,-0.736532443,-0.039682224,0.675237204
-2.094395102,-2.094395102,-2.094395102,-2.094395102,-0.41887902,-1.256637061,0.091121411,-0.77322016,-0.627556749,-0.048961632,-0.632894862,0.772688069,-0.994635434,-0.039682224,-0.095528394
-2.094395102,-2.094395102,-2.094395102,-2.094395102,-0.41887902,-0.41887902,0.527337676,-0.77322016,-0.352201023,-0.606980867,-0.632894862,0.480643653,-0.59454958,-0.039682224,-0.803079148
-2.094395102,-2.094395102,-2.094395102,-2.094395102,-0.41887902,0.41887902,0.614594146,-0.77322016,0.156219781,-0.763337319,-0.632894862,-0.129461312,0.198972793,-0.039682224,-0.979201281
-2.094395102,-2.094395102,-2.094395102,-2.094395102,-0.41887902,1.256637061,0.295149832,-0.77322016,0.561263896,-0.414563859,-0.632894862,-0.653896705,0.860827151,-0.039682224,-0.507347946
-2.094395102,-2.094395102,-2.094395102,-2.094395102,0.41887902,-2.094395102,0.122972972,-0.597098027,-0.792686315,0.893701679,-0.280650596,0.350046499,-0.43147996,-0.75147135,0.499115071
-2.094395102,-2.094395102,-2.094395102,-2.094395102,0.41887902,-1.256637061,0.671365713,-0.597098027,-0.439023947,0.337867903,-0.280650596,0.898376604,-0.65963123,-0.75147135,0.01332107
-2.094395102,-2.094395102,-2.094395102,-2.094395102,0.41887902,-0.41887902,0.775489721,-0.597098027,0.205157596,-0.44154617,-0.280650596,0.852216066,-0.45127893,-0.75147135,-0.481288
-2.094395102,-2.094395102,-2.094395102,-2.094395102,0.41887902,0.41887902,0.366442101,-0.597098027,0.7135784,-0.928772016,-0.280650596,0.242111101,0.055702143,-0.75147135,-0.657410132
-2.094395102,-2.094395102,-2.094395102,-2.094395102,0.41887902,1.256637061,-0.28509447,-0.597098027,0.749796699,-0.801393394,-0.280650596,-0.52820817,0.525822946,-0.75147135,-0.398498481
-2.094395102,-2.094395102,-2.094395102,-2.094395102,1.256637061,-2.094395102,0.363170014,-0.02585297,-0.931364142,0.902700925,0.257311055,0.344850782,0.230734873,-0.965982735,0.116785159
-2.094395102,-2.094395102,-2.094395102,-2.094395102,1.256637061,-1.256637061,0.935146614,-0.02585297,-0.353316336,0.347750743,0.257311055,0.901587734,0.067603479,-0.965982735,0.249613951
-2.094395102,-2.094395102,-2.094395102,-2.094395102,1.256637061,-0.41887902,0.888300428,-0.02585297,0.458534593,-0.437319594,0.257311055,0.861709112,-0.140263759,-0.965982735,0.21726351
-2.094395102,-2.094395102,-2.094395102,-2.094395102,1.256637061,0.41887902,0.253631394,-0.02585297,0.966955397,-0.932998593,0.257311055,0.251604148,-0.255313027,-0.965982735,0.041141377
-2.094395102,-2.094395102,-2.094395102,-2.094395102,1.256637061,1.256637061,-0.548875371,-0.02585297,0.835504309,-0.811276234,0.257311055,-0.524997041,-0.201411762,-0.965982735,-0.162205601
-2.094395102,-2.094395102,-2.094395102,-1.256637061,-2.094395102,-2.094395102,-0.95500599,-0.152700925,0.254255752,0.152700925,0.481762746,0.862894596,-0.254255752,0.862894596,-0.436768735
-2.094395102,-2.094395102,-2.094395102,-1.256637061,-2.094395102,-1.256637061,-0.827972583,-0.152700925,-0.539577454,-0.539078792,0.481762746,0.690868086,0.15445212,0.862894596,-0.481204175
-2.094395102,-2.094395102,-2.094395102,-1.256637061,-2.094395102,-0.41887902,-0.153037604,-0.152700925,-0.97635133,-0.874129162,0.481762746,0.061667367,0.460953034,0.862894596,-0.207208148
-2.094395102,-2.094395102,-2.094395102,-1.256637061,-2.094395102,0.41887902,0.623168294,-0.152700925,-0.767035661,-0.630734361,0.481762746,-0.608341041,0.462423446,0.862894596,0.203905548
-2.094395102,-2.094395102,-2.094395102,-1.256637061,-2.094395102,1.256637061,0.986999561,-0.152700925,-0.050142744,0.030041831,0.481762746,-0.875786587,0.157890327,0.862894596,0.480087034
-2.094395102,-2.094395102,-2.094395102,-1.256637061,-1.256637061,-2.094395102,-0.583316301,-0.811276234,0.03966061,-0.071618627,0.100009983,0.99240555,-0.809081495,0.576045896,-0.116439944
-2.094395102,-2.094395102,-2.094395102,-1.256637061,-1.256637061,-1.256637061,-0.419788368,-0.811276234,-0.406950363,-0.785423265,0.100009983,0.610825915,-0.45484945,0.576045896,-0.679178256
-2.094395102,-2.094395102,-2.094395102,-1.256637061,-1.256637061,-0.41887902,0.021529811,-0.811276234,-0.584266496,-0.979482863,0.100009983,-0.17496092,0.200374119,0.576045896,-0.792477973
-2.094395102,-2.094395102,-2.094395102,-1.256637061,-1.256637061,0.41887902,0.448600879,-0.811276234,-0.374950827,-0.52538066,0.100009983,-0.844969328,0.723002361,0.576045896,-0.381364277
-2.094395102,-2.094395102,-2.094395102,-1.256637061,-1.256637061,1.256637061,0.578815345,-0.811276234,0.082484348,0.276386304,0.100009983,-0.955828758,0.767191897,0.576045896,0.282112953
-2.094395102,-2.094395102,-2.094395102,-1.256637061,-0.41887902,-2.094395102,0.089240056,-0.932998593,-0.348639984,0.023971615,-0.347923265,0.937216498,-0.995721635,-0.091994717,-0.008683208
-2.094395102,-2.094395102,-2.094395102,-1.256637061,-0.41887902,-1.256637061,0.318803253,-0.932998593,-0.166967398,-0.680447449,-0.347923265,0.644934625,-0.65981494,-0.091994717,-0.745775581
-2.094395102,-2.094395102,-2.094395102,-1.256637061,-0.41887902,-0.41887902,0.337401972,-0.932998593,0.125193992,-0.934588044,-0.347923265,-0.074125504,0.112716893,-0.091994717,-0.989359325
-2.094395102,-2.094395102,-2.094395102,-1.256637061,-0.41887902,0.41887902,0.132728719,-0.932998593,0.334509661,-0.57027548,-0.347923265,-0.744133912,0.810659586,-0.091994717,-0.578245629
-2.094395102,-2.094395102,-2.094395102,-1.256637061,-0.41887902,1.256637061,-0.159776275,-0.932998593,0.322467313,0.171410489,-0.347923265,-0.921720048,0.972157388,-0.091994717,0.215515628
-2.094395102,-2.094395102,-2.094395102,-1.256637061,0.41887902,-2.094395102,0.617606455,-0.437319594,-0.653692466,0.376215881,-0.565622193,0.733848176,-0.690669152,-0.699158857,-0.184805341
-2.094395102,-2.094395102,-2.094395102,-1.256637061,0.41887902,-1.256637061,0.899047555,-0.437319594,0.021565405,-0.293617914,-0.565622193,0.77062316,-0.324810736,-0.699158857,-0.636926117
-2.094395102,-2.094395102,-2.094395102,-1.256637061,0.41887902,-0.41887902,0.585554017,-0.437319594,0.682552611,-0.769153347,-0.565622193,0.297446909,0.255987543,-0.699158857,-0.667568176
-2.094395102,-2.094395102,-2.094395102,-1.256637061,0.41887902,0.41887902,-0.115423327,-0.437319594,0.89186828,-0.735710177,-0.565622193,-0.372561499,0.667388936,-0.699158857,-0.25645448
-2.094395102,-2.094395102,-2.094395102,-1.256637061,0.41887902,1.256637061,-0.740020578,-0.437319594,0.511000115,-0.215419046,-0.565622193,-0.796031513,0.637153183,-0.699158857,0.324365092
-2.094395102,-2.094395102,-2.094395102,-1.256637061,1.256637061,-2.094395102,0.652142354,0.347750743,-0.673631777,0.752020476,-0.409026977,0.516877292,-0.095789107,-0.843662464,-0.528259495
-2.094395102,-2.094395102,-2.094395102,-1.256637061,1.256637061,-1.256637061,0.936974378,0.347750743,0.033888577,0.119085233,-0.409026977,0.904718541,0.328477887,-0.843662464,-0.424659776
-2.094395102,-2.094395102,-2.094395102,-1.256637061,1.256637061,-0.41887902,0.601774113,0.347750743,0.718983544,-0.592653329,-0.409026977,0.693872441,0.535378323,-0.843662464,-0.040046211
-2.094395102,-2.094395102,-2.094395102,-1.256637061,1.256637061,0.41887902,-0.131643423,0.347750743,0.928299214,-0.912210195,-0.409026977,0.023864032,0.387998156,-0.843662464,0.371067484
-2.094395102,-2.094395102,-2.094395102,-1.256637061,1.256637061,1.256637061,-0.777947401,0.347750743,0.523323287,-0.628122193,-0.409026977,-0.661936132,-0.016135439,-0.843662464,0.536631433
-2.094395102,-2.094395102,-2.094395102,-0.41887902,-2.094395102,-2.094395102,-0.681525542,-0.143701679,0.717546349,0.143701679,0.935159093,0.32377044,-0.717546349,0.32377044,-0.616684635
-2.094395102,-2.094395102,-2.094395102,-0.41887902,-2.094395102,-1.256637061,-0.989270455,-0.143701679,-0.026339956,-0.144453135,0.935159093,0.32343587,-0.021846228,0.32377044,-0.94588342
-2.094395102,-2.094395102,-2.094395102,-0.41887902,-2.094395102,-0.41887902,-0.642376738,-0.143701679,-0.752796091,-0.337017707,0.935159093,0.10907124,0.688310389,0.32377044,-0.649154458
-2.094395102,-2.094395102,-2.094395102,-0.41887902,-2.094395102,0.41887902,0.129602583,-0.143701679,-0.981097853,-0.30656459,0.935159093,-0.17747006,0.942985325,0.32377044,0.077145188
-2.094395102,-2.094395102,-2.094395102,-0.41887902,-2.094395102,1.256637061,0.815818848,-0.143701679,-0.560169112,-0.073245793,0.935159093,-0.346572538,0.573650295,0.32377044,0.752394871
-2.094395102,-2.094395102,-2.094395102,-0.41887902,-1.256637061,-2.094395102,-0.317116396,-0.801393394,0.507154631,-0.447423223,0.597923265,0.665056561,-0.836211487,-0.01601242,-0.548173286
-2.094395102,-2.094395102,-2.094395102,-0.41887902,-1.256637061,-1.256637061,-0.589081626,-0.801393394,0.103689277,-0.793617914,0.597923265,0.112509447,-0.152162559,-0.01601242,-0.988225763
-2.094395102,-2.094395102,-2.094395102,-0.41887902,-1.256637061,-0.41887902,-0.471228695,-0.801393394,-0.368391293,-0.61464485,0.597923265,-0.514489532,0.632578237,-0.01601242,-0.774330922
-2.094395102,-2.094395102,-2.094395102,-0.41887902,-1.256637061,0.41887902,-0.041545459,-0.801393394,-0.596693056,-0.028937448,0.597923265,-0.801030832,0.998717477,-0.01601242,-0.048031276
-2.094395102,-2.094395102,-2.094395102,-0.41887902,-1.256637061,1.256637061,0.415630018,-0.801393394,-0.430139879,0.575918986,0.597923265,-0.557498961,0.703966625,-0.01601242,0.710052528
-2.094395102,-2.094395102,-2.094395102,-0.41887902,-0.41887902,-2.094395102,0.349999662,-0.928772016,0.121994995,-0.625923977,-0.13498158,0.76811402,-0.69693573,-0.34519924,-0.628584182
-2.094395102,-2.094395102,-2.094395102,-0.41887902,-0.41887902,-1.256637061,0.143535537,-0.928772016,0.341731023,-0.98964485,-0.13498158,0.048816435,0.000788055,-0.34519924,-0.938529096
-2.094395102,-2.094395102,-2.094395102,-0.41887902,-0.41887902,-0.41887902,-0.157911621,-0.928772016,0.335330378,-0.698479339,-0.13498158,-0.702784878,0.697990353,-0.34519924,-0.627412904
-2.094395102,-2.094395102,-2.094395102,-0.41887902,-0.41887902,0.41887902,-0.354862534,-0.928772016,0.107028615,0.054897042,-0.13498158,-0.989326179,0.933305361,-0.34519924,0.098886742
-2.094395102,-2.094395102,-2.094395102,-0.41887902,-0.41887902,1.256637061,-0.316987144,-0.928772016,-0.192098133,0.771945921,-0.13498158,-0.621191973,0.551016012,-0.34519924,0.759749195
-2.094395102,-2.094395102,-2.094395102,-0.41887902,0.41887902,-2.094395102,0.87836606,-0.44154617,-0.183057487,-0.273679712,-0.778563878,0.564745698,-0.391883247,-0.445954334,-0.804706315
-2.094395102,-2.094395102,-2.094395102,-0.41887902,0.41887902,-1.256637061,0.723779839,-0.44154617,0.530263825,-0.602815315,-0.778563878,0.17450497,0.335792259,-0.445954334,-0.829679632
-2.094395102,-2.094395102,-2.094395102,-0.41887902,0.41887902,-0.41887902,0.090240424,-0.44154617,0.892688997,-0.533044643,-0.778563878,-0.331212466,0.841261003,-0.445954334,-0.305621755
-2.094395102,-2.094395102,-2.094395102,-0.41887902,0.41887902,0.41887902,-0.603014579,-0.44154617,0.664387234,-0.110537655,-0.778563878,-0.617753766,0.790034711,-0.445954334,0.420677891
-2.094395102,-2.094395102,-2.094395102,-0.41887902,0.41887902,1.256637061,-0.897231446,-0.44154617,-0.003565331,0.385116387,-0.778563878,-0.495503438,0.216011808,-0.445954334,0.868598659
-2.094395102,-2.094395102,-2.094395102,-0.41887902,1.256637061,-2.094395102,0.91834226,0.337867903,-0.206137756,0.376215881,-0.906940259,0.189528303,-0.1229191,-0.251604148,-0.959992837
-2.094395102,-2.094395102,-2.094395102,-0.41887902,1.256637061,-1.256637061,0.76768112,0.337867903,0.544528216,0.110890583,-0.906940259,0.406402073,0.631164778,-0.251604148,-0.733707282
-2.094395102,-2.094395102,-2.094395102,-0.41887902,1.256637061,-0.41887902,0.109015607,0.337867903,0.934858748,-0.227815315,-0.906940259,0.354343829,0.967582441,-0.251604148,-0.02189916
-2.094395102,-2.094395102,-2.094395102,-0.41887902,1.256637061,0.41887902,-0.621789762,0.337867903,0.706556985,-0.415766983,-0.906940259,0.067802528,0.663713273,-0.251604148,0.704400486
-2.094395102,-2.094395102,-2.094395102,-0.41887902,1.256637061,1.256637061,-0.941132727,0.337867903,0.01069906,-0.328589511,-0.906940259,-0.263606335,-0.079360711,-0.251604148,0.964571008
-2.094395102,-2.094395102,-2.094395102,0.41887902,-2.094395102,-2.094395102,-0.329281276,0.208542586,0.920914671,-0.208542586,0.935159093,-0.286334525,-0.920914671,-0.286334525,-0.264440369
-2.094395102,-2.094395102,-2.094395102,0.41887902,-2.094395102,-1.256637061,-0.904705152,0.208542586,0.371508516,0.073245793,0.935159093,-0.346572538,-0.4196947,-0.286334525,-0.861318117
-2.094395102,-2.094395102,-2.094395102,0.41887902,-2.094395102,-0.41887902,-0.881450538,0.208542586,-0.423739234,0.30656459,0.935159093,-0.17747006,0.359253533,-0.286334525,-0.888228258
-2.094395102,-2.094395102,-2.094395102,0.41887902,-2.094395102,0.41887902,-0.274905914,0.208542586,-0.938582297,0.337017707,0.935159093,0.10907124,0.900469768,-0.286334525,-0.327363309
-2.094395102,-2.094395102,-2.094395102,0.41887902,-2.094395102,1.256637061,0.513554617,0.208542586,-0.832329049,0.144453135,0.935159093,0.32343587,0.845810231,-0.286334525,0.450130639
-2.094395102,-2.094395102,-2.094395102,0.41887902,-1.256637061,-2.094395102,-0.249843727,-0.414563859,0.875051381,-0.799667488,0.597923265,0.054951597,-0.545994524,-0.686020828,-0.480900617
-2.094395102,-2.094395102,-2.094395102,0.41887902,-1.256637061,-1.256637061,-0.81746799,-0.414563859,0.399853588,-0.575918986,0.597923265,-0.557498961,-0.007962842,-0.686020828,-0.727538327
-2.094395102,-2.094395102,-2.094395102,0.41887902,-1.256637061,-0.41887902,-0.844141977,-0.414563859,-0.339942833,0.028937448,0.597923265,-0.801030832,0.535338162,-0.686020828,-0.492735706
-2.094395102,-2.094395102,-2.094395102,0.41887902,-1.256637061,0.41887902,-0.312214475,-0.414563859,-0.854785896,0.61464485,0.597923265,-0.514489532,0.724385139,-0.686020828,0.068129243
-2.094395102,-2.094395102,-2.094395102,0.41887902,-1.256637061,1.256637061,0.426317454,-0.414563859,-0.803983977,0.793617914,0.597923265,0.112509447,0.434078373,-0.686020828,0.583910429
-2.094395102,-2.094395102,-2.094395102,0.41887902,-0.41887902,-2.094395102,0.204330646,-0.763337319,0.612833684,-0.978168243,-0.13498158,0.158009055,-0.03789295,-0.63174054,-0.774253198
-2.094395102,-2.094395102,-2.094395102,0.41887902,-0.41887902,-1.256637061,-0.318700292,-0.763337319,0.561913037,-0.771945921,-0.13498158,-0.621191973,0.550026925,-0.63174054,-0.546236461
-2.094395102,-2.094395102,-2.094395102,0.41887902,-0.41887902,-0.41887902,-0.630834885,-0.763337319,0.139152738,-0.054897042,-0.13498158,-0.989326179,0.77397265,-0.63174054,0.043246129
-2.094395102,-2.094395102,-2.094395102,0.41887902,-0.41887902,0.41887902,-0.525521567,-0.763337319,-0.375690325,0.698479339,-0.13498158,-0.702784878,0.485750651,-0.63174054,0.604111078
-2.094395102,-2.094395102,-2.094395102,0.41887902,-0.41887902,1.256637061,-0.072450244,-0.763337319,-0.641924528,0.98964485,-0.13498158,0.048816435,-0.123911394,-0.63174054,0.765212295
-2.094395102,-2.094395102,-2.094395102,0.41887902,0.41887902,-2.094395102,0.732697044,-0.606980867,0.307781202,-0.625923977,-0.778563878,-0.045359266,0.267159533,-0.159413034,-0.950375331
-2.094395102,-2.094395102,-2.094395102,0.41887902,0.41887902,-1.256637061,0.26154401,-0.606980867,0.750445839,-0.385116387,-0.778563878,-0.495503438,0.885031129,-0.159413034,-0.437386997
-2.094395102,-2.094395102,-2.094395102,0.41887902,0.41887902,-0.41887902,-0.38268284,-0.606980867,0.696511357,0.110537655,-0.778563878,-0.617753766,0.9172433,-0.159413034,0.365037278
-2.094395102,-2.094395102,-2.094395102,0.41887902,0.41887902,0.41887902,-0.773673612,-0.606980867,0.181668294,0.533044643,-0.778563878,-0.331212466,0.342480001,-0.159413034,0.925902227
-2.094395102,-2.094395102,-2.094395102,0.41887902,0.41887902,1.256637061,-0.652694546,-0.606980867,-0.453391725,0.602815315,-0.778563878,0.17450497,-0.458915598,-0.159413034,0.874061759
-2.094395102,-2.094395102,-2.094395102,0.41887902,1.256637061,-2.094395102,0.985614928,-0.048961632,0.161758993,0.023971615,-0.906940259,-0.420576662,0.167297863,0.418404261,-0.892720169
-2.094395102,-2.094395102,-2.094395102,0.41887902,1.256637061,-1.256637061,0.539294756,-0.048961632,0.840692527,0.328589511,-0.906940259,-0.263606335,0.775364495,0.418404261,-0.473019847
-2.094395102,-2.094395102,-2.094395102,0.41887902,1.256637061,-0.41887902,-0.263897674,-0.048961632,0.963307207,0.415766983,-0.906940259,0.067802528,0.870342366,0.418404261,0.259696055
-2.094395102,-2.094395102,-2.094395102,0.41887902,1.256637061,0.41887902,-0.892458778,-0.048961632,0.448464145,0.227815315,-0.906940259,0.354343829,0.389380935,0.418404261,0.820561004
-2.094395102,-2.094395102,-2.094395102,0.41887902,1.256637061,1.256637061,-0.930445291,-0.048961632,-0.363145037,-0.110890583,-0.906940259,0.406402073,-0.349248963,0.418404261,0.83842891
-2.094395102,-2.094395102,-2.094395102,1.256637061,-2.094395102,-2.094395102,-0.131366886,0.670938179,0.72978401,-0.670938179,0.481762746,-0.563690178,-0.72978401,-0.563690178,0.386870368
-2.094395102,-2.094395102,-2.094395102,1.256637061,-2.094395102,-1.256637061,-0.630236815,0.670938179,0.390696196,-0.030041831,0.481762746,-0.875786587,-0.775821529,-0.563690178,-0.283468407
-2.094395102,-2.094395102,-2.094395102,1.256637061,-2.094395102,-0.41887902,-0.712054598,0.670938179,-0.206930446,0.630734361,0.481762746,-0.608341041,-0.308467851,-0.563690178,-0.766225142
-2.094395102,-2.094395102,-2.094395102,1.256637061,-2.094395102,0.41887902,-0.322678235,0.670938179,-0.667623185,0.874129162,0.481762746,0.061667367,0.363010969,-0.563690178,-0.741940981
-2.094395102,-2.094395102,-2.094395102,1.256637061,-2.094395102,1.256637061,0.280226832,0.670938179,-0.686523767,0.539078792,0.481762746,0.690868086,0.794271351,-0.563690178,-0.226685695
-2.094395102,-2.094395102,-2.094395102,1.256637061,-1.256637061,-2.094395102,-0.42601523,0.093232263,0.899899311,-0.895257731,0.100009983,-0.434179225,-0.130478426,-0.990608777,0.040861128
-2.094395102,-2.094395102,-2.094395102,1.256637061,-1.256637061,-1.256637061,-0.953815345,0.093232263,0.285559158,-0.276386304,0.100009983,-0.955828758,-0.117672844,-0.990608777,-0.069622936
-2.094395102,-2.094395102,-2.094395102,1.256637061,-1.256637061,-0.41887902,-0.850438851,0.093232263,-0.517746566,0.52538066,0.100009983,-0.844969328,-0.026998577,-0.990608777,-0.134034803
-2.094395102,-2.094395102,-2.094395102,1.256637061,-1.256637061,0.41887902,-0.184293983,0.093232263,-0.978439305,0.979482863,0.100009983,-0.17496092,0.081541696,-0.990608777,-0.109750642
-2.094395102,-2.094395102,-2.094395102,1.256637061,-1.256637061,1.256637061,0.603805362,0.093232263,-0.791660805,0.785423265,0.100009983,0.610825915,0.136122666,-0.990608777,-0.012840224
-2.094395102,-2.094395102,-2.094395102,1.256637061,-0.41887902,-2.094395102,-0.251372154,-0.546169058,0.799069084,-0.799667488,-0.347923265,-0.489368277,0.545292535,-0.762003125,-0.349295418
-2.094395102,-2.094395102,-2.094395102,1.256637061,-0.41887902,-1.256637061,-0.762024856,-0.546169058,0.347875665,-0.171410489,-0.347923265,-0.921720048,0.624449007,-0.762003125,0.171507071
-2.094395102,-2.094395102,-2.094395102,1.256637061,-0.41887902,-0.41887902,-0.768416155,-0.546169058,-0.333520574,0.57027548,-0.347923265,-0.744133912,0.290383351,-0.762003125,0.578816679
-2.094395102,-2.094395102,-2.094395102,1.256637061,-0.41887902,0.41887902,-0.266316679,-0.546169058,-0.794213313,0.934588044,-0.347923265,-0.074125504,-0.235840232,-0.762003125,0.60310084
-2.094395102,-2.094395102,-2.094395102,1.256637061,-0.41887902,1.256637061,0.412014873,-0.546169058,-0.729344297,0.680447449,-0.347923265,0.644934625,-0.605999186,-0.762003125,0.228289782
-2.094395102,-2.094395102,-2.094395102,1.256637061,0.41887902,-2.094395102,0.276994245,-0.824149129,0.494016601,-0.447423223,-0.565622193,-0.692736598,0.850345017,-0.029150449,-0.525417551
-2.094395102,-2.094395102,-2.094395102,1.256637061,0.41887902,-1.256637061,-0.181780554,-0.824149129,0.536408468,0.215419046,-0.565622193,-0.796031513,0.959453211,-0.029150449,0.280356535
-2.094395102,-2.094395102,-2.094395102,1.256637061,0.41887902,-0.41887902,-0.520264109,-0.824149129,0.223838045,0.735710177,-0.565622193,-0.372561499,0.433654001,-0.029150449,0.900607827
-2.094395102,-2.094395102,-2.094395102,1.256637061,0.41887902,0.41887902,-0.514468724,-0.824149129,-0.236854694,0.769153347,-0.565622193,0.297446909,-0.379110882,-0.029150449,0.924891988
-2.094395102,-2.094395102,-2.094395102,1.256637061,0.41887902,1.256637061,-0.168229429,-0.824149129,-0.540811495,0.293617914,-0.565622193,0.77062316,-0.94100339,-0.029150449,0.337139247
-2.094395102,-2.094395102,-2.094395102,1.256637061,1.256637061,-2.094395102,0.809443426,-0.556757754,0.186606923,-0.071618627,-0.409026977,-0.909707483,0.582813961,0.722992209,-0.370958424
-2.094395102,-2.094395102,-2.094395102,1.256637061,1.256637061,-1.256637061,0.402947401,-0.556757754,0.726398097,0.628122193,-0.409026977,-0.661936132,0.665654492,0.722992209,0.184895544
-2.094395102,-2.094395102,-2.094395102,1.256637061,1.256637061,-0.41887902,-0.270194549,-0.556757754,0.785503475,0.912210195,-0.409026977,0.023864032,0.308005627,0.722992209,0.618396959
-2.094395102,-2.094395102,-2.094395102,1.256637061,1.256637061,0.41887902,-0.764538285,-0.556757754,0.324810736,0.592653329,-0.409026977,0.693872441,-0.253462508,0.722992209,0.64268112
-2.094395102,-2.094395102,-2.094395102,1.256637061,1.256637061,1.256637061,-0.752957384,-0.556757754,-0.350821866,-0.119085233,-0.409026977,0.904718541,-0.647204671,0.722992209,0.241678256
-2.094395102,-2.094395102,-1.256637061,-2.094395102,-2.094395102,-2.094395102,-0.63094528,0.081833753,-0.771499378,-0.688596499,0.399045397,0.605473065,0.357411409,0.913272143,-0.195425374
-2.094395102,-2.094395102,-1.256637061,-2.094395102,-2.094395102,-1.256637061,0.151150973,0.081833753,-0.985117567,-0.910715168,0.399045397,-0.106586366,0.384384268,0.913272143,0.134843341
-2.094395102,-2.094395102,-1.256637061,-2.094395102,-2.094395102,-0.41887902,0.833224765,0.081833753,-0.546845251,-0.530178286,0.399045397,-0.748113464,0.156995148,0.913272143,0.375880986
-2.094395102,-2.094395102,-1.256637061,-2.094395102,-2.094395102,0.41887902,0.963921411,0.081833753,0.253295778,0.201198132,0.399045397,-0.894584866,-0.174283752,0.913272143,0.368183604
-2.094395102,-2.094395102,-1.256637061,-2.094395102,-2.094395102,1.256637061,0.456753871,0.081833753,0.885821166,0.799433942,0.399045397,-0.449074763,-0.390232333,0.913272143,0.11684485
-2.094395102,-2.094395102,-1.256637061,-2.094395102,-1.256637061,-2.094395102,-0.637574891,-0.064639858,-0.767671771,-0.687791904,-0.401132116,0.605008531,-0.347045467,0.913736677,0.211292994
-2.094395102,-2.094395102,-1.256637061,-2.094395102,-1.256637061,-1.256637061,0.143870431,-0.064639858,-0.987483158,-0.909831573,-0.401132116,-0.106299269,-0.389240039,0.913736677,-0.116522434
-2.094395102,-2.094395102,-1.256637061,-2.094395102,-1.256637061,-0.41887902,0.830111108,-0.064639858,-0.553838638,-0.529800401,-0.401132116,-0.74726472,-0.173859379,0.913736677,-0.367230448
-2.094395102,-2.094395102,-1.256637061,-2.094395102,-1.256637061,0.41887902,0.967035067,-0.064639858,0.246302391,0.200820246,-0.401132116,-0.893736121,0.156570775,0.913736677,-0.37492783
-2.094395102,-2.094395102,-1.256637061,-2.094395102,-1.256637061,1.256637061,0.464034414,-0.064639858,0.883455574,0.798550347,-0.401132116,-0.448787666,0.383391975,0.913736677,-0.134520925
-2.094395102,-2.094395102,-1.256637061,-2.094395102,-0.41887902,-2.094395102,-0.547743143,-0.168338768,-0.819536155,-0.172273442,-0.935864949,0.307373809,-0.81871809,0.30954621,0.483613309
-2.094395102,-2.094395102,-1.256637061,-2.094395102,-0.41887902,-1.256637061,0.242522351,-0.168338768,-0.955429206,-0.343696688,-0.935864949,0.077649106,-0.90722406,0.30954621,-0.284825645
-2.094395102,-2.094395102,-1.256637061,-2.094395102,-0.41887902,-0.41887902,0.872301399,-0.168338768,-0.459077694,-0.287682505,-0.935864949,-0.203459022,-0.395384681,0.30954621,-0.864784423
-2.094395102,-2.094395102,-1.256637061,-2.094395102,-0.41887902,0.41887902,0.924844776,-0.168338768,0.341063335,-0.04129765,-0.935864949,-0.349930423,0.378096077,0.30954621,-0.872481805
-2.094395102,-2.094395102,-1.256637061,-2.094395102,-0.41887902,1.256637061,0.365382493,-0.168338768,0.915509526,0.232415462,-0.935864949,-0.264839291,0.901375996,0.30954621,-0.302824136
-2.094395102,-2.094395102,-1.256637061,-2.094395102,0.41887902,-2.094395102,-0.420895188,-0.160641386,-0.892771855,0.516820325,-0.851299646,-0.090474663,-0.745482389,-0.499482991,0.441330658
-2.094395102,-2.094395102,-1.256637061,-2.094395102,0.41887902,-1.256637061,0.381824932,-0.160641386,-0.910167054,0.413056075,-0.851299646,0.323532984,-0.826797678,-0.499482991,-0.258693529
-2.094395102,-2.094395102,-1.256637061,-2.094395102,0.41887902,-0.41887902,0.931876685,-0.160641386,-0.32526941,0.035956599,-0.851299646,0.523446306,-0.360988874,-0.499482991,-0.787530174
-2.094395102,-2.094395102,-1.256637061,-2.094395102,0.41887902,0.41887902,0.86526949,-0.160641386,0.474871619,-0.364936753,-0.851299646,0.376974905,0.34370027,-0.499482991,-0.795227556
-2.094395102,-2.094395102,-1.256637061,-2.094395102,0.41887902,1.256637061,0.226079912,-0.160641386,0.960771679,-0.524337301,-0.851299646,-0.018955413,0.820949614,-0.499482991,-0.27669202
-2.094395102,-2.094395102,-1.256637061,-2.094395102,1.256637061,-2.094395102,-0.340971238,-0.046641368,-0.938915969,0.923489323,-0.203396347,-0.325265118,-0.175801269,-0.977984923,0.112425109
-2.094395102,-2.094395102,-1.256637061,-2.094395102,1.256637061,-1.256637061,0.469596253,-0.046641368,-0.881648423,0.85965406,-0.203396347,0.468641466,-0.201182148,-0.977984923,-0.055418722
-2.094395102,-2.094395102,-1.256637061,-2.094395102,1.256637061,-0.41887902,0.969413689,-0.046641368,-0.240959918,0.226952362,-0.203396347,0.952429814,-0.093432997,-0.977984923,-0.186589835
-2.094395102,-2.094395102,-1.256637061,-2.094395102,1.256637061,0.41887902,0.827732486,-0.046641368,0.55918111,-0.555932517,-0.203396347,0.805958413,0.076144393,-0.977984923,-0.194287217
-2.094395102,-2.094395102,-1.256637061,-2.094395102,1.256637061,1.256637061,0.138308592,-0.046641368,0.989290309,-0.970935286,-0.203396347,0.126153068,0.195334084,-0.977984923,-0.073417212
-2.094395102,-2.094395102,-1.256637061,-1.256637061,-2.094395102,-2.094395102,-0.779867525,-0.548489323,-0.301605879,-0.60692251,0.544714413,0.578732473,-0.153139512,0.634386058,-0.757695598
-2.094395102,-2.094395102,-1.256637061,-1.256637061,-2.094395102,-1.256637061,-0.297696382,-0.548489323,-0.781368241,-0.836192469,0.544714413,-0.063783712,0.460607228,0.634386058,-0.620802151
-2.094395102,-2.094395102,-1.256637061,-1.256637061,-2.094395102,-0.41887902,0.381472005,-0.548489323,-0.74406893,-0.512121438,0.544714413,-0.664091741,0.7695523,0.634386058,-0.073099842
-2.094395102,-2.094395102,-1.256637061,-1.256637061,-2.094395102,0.41887902,0.808205569,-0.548489323,-0.214390348,0.150840212,0.544714413,-0.824944506,0.569254766,0.634386058,0.522975468
-2.094395102,-2.094395102,-1.256637061,-1.256637061,-2.094395102,1.256637061,0.70011816,-0.548489323,0.457158643,0.713985044,0.544714413,-0.439899494,-0.007740726,0.634386058,0.772977626
-2.094395102,-2.094395102,-1.256637061,-1.256637061,-1.256637061,-2.094395102,-0.276555056,-0.756851502,-0.592193469,-0.723966624,-0.241160519,0.646307923,-0.631972807,0.60746803,-0.481241066
-2.094395102,-2.094395102,-1.256637061,-1.256637061,-1.256637061,-1.256637061,0.25503406,-0.756851502,-0.601775234,-0.964728615,-0.241160519,-0.105547638,-0.065240539,0.60746803,-0.791660448
-2.094395102,-2.094395102,-1.256637061,-1.256637061,-1.256637061,-0.41887902,0.617857246,-0.756851502,-0.213138985,-0.567092262,-0.241160519,-0.787558233,0.544663924,0.60746803,-0.578207405
-2.094395102,-2.094395102,-1.256637061,-1.256637061,-1.256637061,0.41887902,0.571820327,-0.756851502,0.316539597,0.205811036,-0.241160519,-0.948410998,0.794143142,0.60746803,0.017867905
-2.094395102,-2.094395102,-1.256637061,-1.256637061,-1.256637061,1.256637061,0.147387719,-0.756851502,0.63675165,0.842521189,-0.241160519,-0.48166342,0.518107041,0.60746803,0.602119329
-2.094395102,-2.094395102,-1.256637061,-1.256637061,-0.41887902,-2.094395102,0.194324932,-0.464375687,-0.864056157,-0.296509228,-0.867450182,0.399515281,-0.935050853,0.178564844,-0.306258875
-2.094395102,-2.094395102,-1.256637061,-1.256637061,-0.41887902,-1.256637061,0.772147622,-0.464375687,-0.433754852,-0.495301113,-0.867450182,0.046978603,-0.398076447,0.178564844,-0.89980539
-2.094395102,-2.094395102,-1.256637061,-1.256637061,-0.41887902,-0.41887902,0.83901028,-0.464375687,0.283578862,-0.36633304,-0.867450182,-0.336645638,0.402320585,0.178564844,-0.897915777
-2.094395102,-2.094395102,-1.256637061,-1.256637061,-0.41887902,0.41887902,0.350667293,-0.464375687,0.813257444,0.005051814,-0.867450182,-0.497498403,0.936486481,0.178564844,-0.301840467
-2.094395102,-2.094395102,-1.256637061,-1.256637061,-0.41887902,1.256637061,-0.369725843,-0.464375687,0.804772031,0.373093688,-0.867450182,-0.329137179,0.850942948,0.178564844,0.493974387
-2.094395102,-2.094395102,-1.256637061,-1.256637061,0.41887902,-2.094395102,0.321172887,0.135395532,-0.937291858,0.392584538,-0.919714413,0.001666809,-0.861815152,-0.368501625,-0.348541526
-2.094395102,-2.094395102,-1.256637061,-1.256637061,0.41887902,-1.256637061,0.911450203,0.135395532,-0.3884927,0.261451649,-0.919714413,0.292862481,-0.317650064,-0.368501625,-0.873673274
-2.094395102,-2.094395102,-1.256637061,-1.256637061,0.41887902,-0.41887902,0.898585566,0.135395532,0.417387146,-0.042693937,-0.919714413,0.39025969,0.436716393,-0.368501625,-0.820661529
-2.094395102,-2.094395102,-1.256637061,-1.256637061,0.41887902,0.41887902,0.291092007,0.135395532,0.947065728,-0.318587289,-0.919714413,0.229406925,0.902090673,-0.368501625,-0.224586219
-2.094395102,-2.094395102,-1.256637061,-1.256637061,0.41887902,1.256637061,-0.509028424,0.135395532,0.850034184,-0.383659075,-0.919714413,-0.083253301,0.770516566,-0.368501625,0.520106503
-2.094395102,-2.094395102,-1.256637061,-1.256637061,1.256637061,-2.094395102,0.020048597,0.645570276,-0.763437667,0.887314602,-0.363367944,-0.283965726,-0.460728608,-0.671716276,-0.58010895
-2.094395102,-2.094395102,-1.256637061,-1.256637061,1.256637061,-1.256637061,0.580759882,0.645570276,-0.495940498,0.804757018,-0.363367944,0.469393097,0.122817352,-0.671716276,-0.730556735
-2.094395102,-2.094395102,-1.256637061,-1.256637061,1.256637061,-0.41887902,0.757159827,0.645570276,0.099739735,0.1896605,-0.363367944,0.912136301,0.625090306,-0.671716276,-0.397566792
-2.094395102,-2.094395102,-1.256637061,-1.256637061,1.256637061,0.41887902,0.432517746,0.645570276,0.629418317,-0.550941726,-0.363367944,0.751283536,0.71371676,-0.671716276,0.198508518
-2.094395102,-2.094395102,-1.256637061,-1.256637061,1.256637061,1.256637061,-0.178338103,0.645570276,0.742586385,-0.926964444,-0.363367944,0.093277315,0.33004915,-0.671716276,0.663223042
-2.094395102,-2.094395102,-1.256637061,-0.41887902,-2.094395102,-2.094395102,-0.50208411,-0.756280453,0.41946564,-0.60908301,0.653563878,0.449301841,-0.61394579,-0.02990208,-0.788781613
-2.094395102,-2.094395102,-1.256637061,-0.41887902,-2.094395102,-1.256637061,-0.647683565,-0.756280453,-0.09244391,-0.741452422,0.653563878,-0.151995274,0.175369055,-0.02990208,-0.984048556
-2.094395102,-2.094395102,-1.256637061,-0.41887902,-2.094395102,-0.41887902,-0.364685683,-0.756280453,-0.543179739,-0.383174008,0.653563878,-0.652711221,0.848635394,-0.02990208,-0.528132401
-2.094395102,-2.094395102,-1.256637061,-0.41887902,-2.094395102,0.41887902,0.15963886,-0.756280453,-0.634472467,0.22866551,0.653563878,-0.721502836,0.960326777,-0.02990208,0.277269448
-2.094395102,-2.094395102,-1.256637061,-0.41887902,-2.094395102,1.256637061,0.578324178,-0.756280453,-0.305910153,0.689188191,0.653563878,-0.312848039,0.436532683,-0.02990208,0.899191349
-2.094395102,-2.094395102,-1.256637061,-0.41887902,-1.256637061,-2.094395102,0.169334916,-0.985044703,0.031821685,-0.814188191,-0.121623619,0.567719372,-0.555358692,-0.122043552,-0.82260689
-2.094395102,-2.094395102,-1.256637061,-0.41887902,-1.256637061,-1.256637061,0.089659054,-0.985044703,0.14713323,-0.966695951,-0.121623619,-0.225181333,0.239708555,-0.122043552,-0.963143385
-2.094395102,-2.094395102,-1.256637061,-0.41887902,-1.256637061,-0.41887902,-0.049347681,-0.985044703,0.165081009,-0.479503506,-0.121623619,-0.869070816,0.876151354,-0.122043552,-0.466330545
-2.094395102,-2.094395102,-1.256637061,-0.41887902,-1.256637061,0.41887902,-0.155699142,-0.985044703,0.073788282,0.324995008,-0.121623619,-0.937862431,0.932810818,-0.122043552,0.339071305
-2.094395102,-2.094395102,-1.256637061,-0.41887902,-1.256637061,1.256637061,-0.159018441,-0.985044703,-0.066333014,0.91443172,-0.121623619,-0.386034098,0.372193183,-0.122043552,0.92009652
-2.094395102,-2.094395102,-1.256637061,-0.41887902,-0.41887902,-2.094395102,0.765830557,-0.561966666,-0.312565234,-0.452533395,-0.816328049,0.358917878,-0.456855651,-0.133424072,-0.879477647
-2.094395102,-2.094395102,-1.256637061,-0.41887902,-0.41887902,-1.256637061,0.744721901,-0.561966666,0.359976051,-0.569531909,-0.816328049,-0.096134913,0.347883164,-0.133424072,-0.927995324
-2.094395102,-2.094395102,-1.256637061,-0.41887902,-0.41887902,-0.41887902,0.230801877,-0.561966666,0.79430722,-0.309649068,-0.816328049,-0.487571503,0.922414195,-0.133424072,-0.362422501
-2.094395102,-2.094395102,-1.256637061,-0.41887902,-0.41887902,0.41887902,-0.4358487,-0.561966666,0.703014493,0.155140571,-0.816328049,-0.556363119,0.886547976,-0.133424072,0.442979349
-2.094395102,-2.094395102,-1.256637061,-0.41887902,-0.41887902,1.256637061,-0.814081288,-0.561966666,0.146509807,0.517267677,-0.816328049,-0.256987678,0.264018574,-0.133424072,0.955244581
-2.094395102,-2.094395102,-1.256637061,-0.41887902,0.41887902,-2.094395102,0.892678511,0.232986511,-0.385800934,0.236560372,-0.970836546,-0.038930593,-0.38361995,-0.056512708,-0.921760298
-2.094395102,-2.094395102,-1.256637061,-0.41887902,0.41887902,-1.256637061,0.884024482,0.232986511,0.405238203,0.187220854,-0.970836546,0.149748965,0.428309547,-0.056512708,-0.901863208
-2.094395102,-2.094395102,-1.256637061,-0.41887902,0.41887902,-0.41887902,0.290377164,0.232986511,0.928115504,0.013990035,-0.970836546,0.239333825,0.956810003,-0.056512708,-0.285168252
-2.094395102,-2.094395102,-1.256637061,-0.41887902,0.41887902,0.41887902,-0.495423987,0.232986511,0.836822776,-0.168498532,-0.970836546,0.170542209,0.852152168,-0.056512708,0.520233597
-2.094395102,-2.094395102,-1.256637061,-0.41887902,0.41887902,1.256637061,-0.953383869,0.232986511,0.19177196,-0.239485086,-0.970836546,-0.0111038,0.183592191,-0.056512708,0.981376697
-2.094395102,-2.094395102,-1.256637061,-0.41887902,1.256637061,-2.094395102,0.465938568,0.873763477,-0.139422513,0.797093035,-0.482904845,-0.362554277,-0.384114493,0.057795306,-0.921474774
-2.094395102,-2.094395102,-1.256637061,-0.41887902,1.256637061,-1.256637061,0.415384876,0.873763477,0.252967965,0.802789681,-0.482904845,0.349759401,0.427766446,0.057795306,-0.902039672
-2.094395102,-2.094395102,-1.256637061,-0.41887902,1.256637061,-0.41887902,0.0899549,0.873763477,0.477959729,0.277249257,-0.482904845,0.830623718,0.956577736,0.057795306,-0.285689932
-2.094395102,-2.094395102,-1.256637061,-0.41887902,1.256637061,0.41887902,-0.295001723,0.873763477,0.386667001,-0.431757754,-0.482904845,0.761832103,0.852384435,0.057795306,0.519711918
-2.094395102,-2.094395102,-1.256637061,-0.41887902,1.256637061,1.256637061,-0.484744263,0.873763477,0.039501721,-0.855053913,-0.482904845,0.188906636,0.184135292,0.057795306,0.981200233
-2.094395102,-2.094395102,-1.256637061,0.41887902,-2.094395102,-2.094395102,0.018584906,-0.404036187,0.914554187,-0.693648314,0.653563878,0.302830439,-0.720074037,-0.640007045,-0.268112597
-2.094395102,-2.094395102,-1.256637061,0.41887902,-2.094395102,-1.256637061,-0.667210482,-0.404036187,0.625767475,-0.689188191,0.653563878,-0.312848039,-0.282577088,-0.640007045,-0.714521639
-2.094395102,-2.094395102,-1.256637061,0.41887902,-2.094395102,-0.41887902,-0.911486815,-0.404036187,-0.077113847,-0.22866551,0.653563878,-0.721502836,0.34191208,-0.640007045,-0.688103998
-2.094395102,-2.094395102,-1.256637061,0.41887902,-2.094395102,0.41887902,-0.552596968,-0.404036187,-0.728965946,0.383174008,0.653563878,-0.652711221,0.740144763,-0.640007045,-0.206341252
-2.094395102,-2.094395102,-1.256637061,0.41887902,-2.094395102,1.256637061,0.171967726,-0.404036187,-0.898433003,0.741452422,0.653563878,-0.151995274,0.648594948,-0.640007045,0.411965504
-2.094395102,-2.094395102,-1.256637061,0.41887902,-1.256637061,-2.094395102,0.405032334,-0.598215168,0.69143866,-0.898753494,-0.121623619,0.421247971,-0.167901654,-0.79205196,-0.586909471
-2.094395102,-2.094395102,-1.256637061,0.41887902,-1.256637061,-1.256637061,-0.242819531,-0.598215168,0.763660453,-0.91443172,-0.121623619,-0.386034098,0.323810601,-0.79205196,-0.517494335
-2.094395102,-2.094395102,-1.256637061,0.41887902,-1.256637061,-0.41887902,-0.729988294,-0.598215168,0.330538504,-0.324995008,-0.121623619,-0.937862431,0.601244821,-0.79205196,-0.105633126
-2.094395102,-2.094395102,-1.256637061,0.41887902,-1.256637061,0.41887902,-0.734095489,-0.598215168,-0.321313594,0.479503506,-0.121623619,-0.869070816,0.480812022,-0.79205196,0.37612962
-2.094395102,-2.094395102,-1.256637061,0.41887902,-1.256637061,1.256637061,-0.252423225,-0.598215168,-0.760540024,0.966695951,-0.121623619,-0.225181333,0.042207259,-0.79205196,0.608992807
-2.094395102,-2.094395102,-1.256637061,0.41887902,-0.41887902,-2.094395102,0.788586291,-0.396531969,0.46999368,-0.537098698,-0.816328049,0.212446477,0.299427204,-0.419965372,-0.856721912
-2.094395102,-2.094395102,-1.256637061,0.41887902,-0.41887902,-1.256637061,0.178393852,-0.396531969,0.900520978,-0.517267677,-0.816328049,-0.256987678,0.837024363,-0.419965372,-0.350741075
